protocol_id,elem_id,pattern,segmentation,who,id
prot-1931--ak--27,i-d966ac4b6d73b357,,metadata,,
prot-1931--ak--27,i-b636a3ded86c295f,,metadata,,
prot-1931--ak--27,i-5a4e0f4a5291be7c,,metadata,,
prot-1931--ak--27,i-21309c5c658b5e45,,note,,
prot-1931--ak--27,i-4e6c78588658c0b5,,metadata,,
prot-1931--ak--27,i-ef47252c952744b8,,note,,
prot-1931--ak--27,i-8cdf4fd0b8f9b63d,,note,,
prot-1931--ak--27,i-5dc02c8611b97c1f,,metadata,,
prot-1931--ak--27,i-2fe4c6b1ab763f3e,,metadata,,
prot-1931--ak--27,i-edd50acf0f81c308,,note,,
prot-1931--ak--27,i-b9a219e86b0329eb,,note,,
prot-1931--ak--27,i-5ac09ecc5fdae3b7,560e61985149f31c,speech_start,per_nilsson_1b0e3e,
prot-1931--ak--27,i-2efe6b15700884cb,,note,,
prot-1931--ak--27,i-8fc3d78283343f16,,note,,
prot-1931--ak--27,i-4c45f01916a44036,,note,,
prot-1931--ak--27,i-b0fb8d2748defa54,,metadata,,
prot-1931--ak--27,i-c4b2e1d68df92965,,note,,
prot-1931--ak--27,i-b11344fd6a3fa7b7,,metadata,,
prot-1931--ak--27,i-3fe2981627c854cb,,note,,
prot-1931--ak--27,i-1eb87694283d6f1b,,metadata,,
prot-1931--ak--27,i-e8a4eacc8db54120,,note,,
prot-1931--ak--27,i-1c887584930d322a,,note,,
prot-1931--ak--27,i-1dd084435954854d,,note,,
prot-1931--ak--27,i-d6ce304b5e430551,,note,,
prot-1931--ak--27,i-6380651bffd04baa,,note,,
prot-1931--ak--27,i-66b12fddfcd0565b,560e61985149f31c,speech_start,nils_bjork_1f9314,
prot-1931--ak--27,i-51e5d290663814c7,8f6bb79aaba3167f,speech_start,arvid_lindman_63fcb5,
prot-1931--ak--27,i-51e5d290663814c7,560e61985149f31c,speech_start,arvid_lindman_63fcb5,
prot-1931--ak--27,i-38bdaa3764536cdc,,metadata,,
prot-1931--ak--27,i-6dbf59c74828e62e,,note,,
prot-1931--ak--27,i-0f99511a3ee00c6e,,metadata,,
prot-1931--ak--27,i-4f1ef91727b2bcac,,metadata,,
prot-1931--ak--27,i-7840a1104717c093,,metadata,,
prot-1931--ak--27,i-f443181631cafc1b,8f6bb79aaba3167f,speech_start,otto_magnusson_096c60,
prot-1931--ak--27,i-f443181631cafc1b,560e61985149f31c,speech_start,otto_magnusson_096c60,
prot-1931--ak--27,i-ca853a48cf61003e,8f6bb79aaba3167f,speech_start,august_savstrom_9194cb,
prot-1931--ak--27,i-ca853a48cf61003e,560e61985149f31c,speech_start,august_savstrom_9194cb,
prot-1931--ak--27,i-0f182809e6c335f1,,metadata,,
prot-1931--ak--27,i-75eb0a97e652cbc6,8f6bb79aaba3167f,speech_start,sven_bengtsson_ebaa29,
prot-1931--ak--27,i-75eb0a97e652cbc6,560e61985149f31c,speech_start,sven_bengtsson_ebaa29,
prot-1931--ak--27,i-2653b6226dd0105d,,note,,
prot-1931--ak--27,i-c2931587322093b5,,metadata,,
prot-1931--ak--27,i-b324cc788fa9a163,,note,,
prot-1931--ak--27,i-ce611be26ab75bf8,,metadata,,
prot-1931--ak--27,i-07d604b27dcff510,,note,,
prot-1931--ak--27,i-54a1a0d97e5337c5,,note,,
prot-1931--ak--27,i-580e83f5033d65c2,,note,,
prot-1931--ak--27,i-8162b0f72ffa0cae,,note,,
prot-1931--ak--27,i-a4ffe4c6c0cc0ef1,,metadata,,
prot-1931--ak--27,i-4cc65777f69489ad,,note,,
prot-1931--ak--27,i-777018e32f80917d,,metadata,,
prot-1931--ak--27,i-9e0273f1241e0c8a,,metadata,,
prot-1931--ak--27,i-c0433742197ccaf9,,note,,
prot-1931--ak--27,i-9b0e34caaa088e9a,,note,,
prot-1931--ak--27,i-6534b264986104ed,,note,,
prot-1931--ak--27,i-a66cf43a417fb081,,note,,
prot-1931--ak--27,i-17d127368256d894,,note,,
prot-1931--ak--27,i-6a6f49af532b0510,,note,,
prot-1931--ak--27,i-7399f1be18d4e20f,,note,,
prot-1931--ak--27,i-f45445287821bd45,,metadata,,
prot-1931--ak--27,i-8c736589ed8cb519,,note,,
prot-1931--ak--27,i-4f0ffe223cc05003,,note,,
prot-1931--ak--27,i-fe1b8266d8f21504,,metadata,,
prot-1931--ak--27,i-9a67d9f5f628ab77,,metadata,,
prot-1931--ak--27,i-d883edaef04ce1e3,,note,,
prot-1931--ak--27,i-e051b23b3c20dc4c,,note,,
prot-1931--ak--27,i-1c5c222efd3d94dc,,note,,
prot-1931--ak--27,i-e361e6ac0f56bcb1,,note,,
prot-1931--ak--27,i-b5e4af2ec53355eb,,note,,
prot-1931--ak--27,i-c2252ecd214d57aa,,note,,
prot-1931--ak--27,i-bd575f3e5dc92c50,,note,,
prot-1931--ak--27,i-548fd914abefd063,,note,,
prot-1931--ak--27,i-fb53ddfce89fc902,,note,,
prot-1931--ak--27,i-47f7f5a2ce8ba3d0,,metadata,,
prot-1931--ak--27,i-afd40712f5aac215,,note,,
prot-1931--ak--27,i-115b9f69ecbcf635,,note,,
prot-1931--ak--27,i-eb54964578822d9c,,metadata,,
prot-1931--ak--27,i-d2d5be7eb4dc9e59,,note,,
prot-1931--ak--27,i-706e1c7118cafddd,,metadata,,
prot-1931--ak--27,i-57e832fb64930574,,note,,
prot-1931--ak--27,i-10fe087c56af4ac9,,metadata,,
prot-1931--ak--27,i-567076caf39d635e,,metadata,,
prot-1931--ak--27,i-7862c9771422ebc1,,note,,
prot-1931--ak--27,i-c9251c92e0be5b5a,,metadata,,
prot-1931--ak--27,i-4ea1b46971e6346a,,note,,
prot-1931--ak--27,i-675a29f85ab03081,,note,,
prot-1931--ak--27,i-75904ca3cce63054,8f6bb79aaba3167f,speech_start,oscar_ohman_03f9e7,
prot-1931--ak--27,i-75904ca3cce63054,560e61985149f31c,speech_start,oscar_ohman_03f9e7,
prot-1931--ak--27,i-ab97d26307e2f301,,metadata,,
prot-1931--ak--27,i-2e70b98824647178,8f6bb79aaba3167f,speech_start,nils_tornkvist_cede3c,
prot-1931--ak--27,i-2e70b98824647178,560e61985149f31c,speech_start,nils_tornkvist_cede3c,
prot-1931--ak--27,i-17fc1439bf61aac8,,metadata,,
prot-1931--ak--27,i-32d0d8db8e016257,,note,,
prot-1931--ak--27,i-0ce71e7a066f7075,,metadata,,
prot-1931--ak--27,i-a5a067692f7cbccd,,metadata,,
prot-1931--ak--27,i-7f9da7eb991e7fa8,,note,,
prot-1931--ak--27,i-959f89e39bd61290,,metadata,,
prot-1931--ak--27,i-4c7532723e072bc7,,metadata,,
prot-1931--ak--27,i-a880fd21b246e8c1,8f6bb79aaba3167f,speech_start,oscar_ohman_03f9e7,
prot-1931--ak--27,i-a880fd21b246e8c1,560e61985149f31c,speech_start,oscar_ohman_03f9e7,
prot-1931--ak--27,i-1be609adb84b55d1,,metadata,,
prot-1931--ak--27,i-284ccf0a76955978,560e61985149f31c,speech_start,nils_tornkvist_cede3c,
prot-1931--ak--27,i-f08f6cd1b126e324,,note,,
prot-1931--ak--27,i-deb9fbdbac36461b,,note,,
prot-1931--ak--27,i-6368487f19104919,,note,,
prot-1931--ak--27,i-ce67962e476590a6,,metadata,,
prot-1931--ak--27,i-0df1d263b29a62a1,,metadata,,
prot-1931--ak--27,i-e9d64f2f7cfc8b42,,note,,
prot-1931--ak--27,i-110648ac521c728d,,metadata,,
prot-1931--ak--27,i-da6cea648fe810da,,metadata,,
prot-1931--ak--27,i-6d730e03916f3b5b,,note,,
prot-1931--ak--27,i-3568d63ef3f77edd,,note,,
prot-1931--ak--27,i-9b2df9df12e91f14,,note,,
prot-1931--ak--27,i-815b82aef5397564,,note,,
prot-1931--ak--27,i-4f669d3b549e9824,,note,,
prot-1931--ak--27,i-a5ccb62740a4763c,,note,,
prot-1931--ak--27,i-a1219fe0f7a865ee,,note,,
prot-1931--ak--27,i-9b16d770a3594a50,,note,,
prot-1931--ak--27,i-8943162a6cf39619,8f6bb79aaba3167f,speech_start,ivar_anderson_887d5a,
prot-1931--ak--27,i-8943162a6cf39619,560e61985149f31c,speech_start,ivar_anderson_887d5a,
prot-1931--ak--27,i-90f7912c5a4afb10,,metadata,,
prot-1931--ak--27,i-fbf9c1bd4553bb9c,,metadata,,
prot-1931--ak--27,i-f17efd59b2a8213a,,note,,
prot-1931--ak--27,i-5425347fde21a4b7,,metadata,,
prot-1931--ak--27,i-fc0c5531e5bbcd83,,note,,
prot-1931--ak--27,i-bae04df4c5498151,560e61985149f31c,speech_start,sven_bengtsson_ebaa29,
prot-1931--ak--27,i-97debbe7b88f0753,,metadata,,
prot-1931--ak--27,i-0974ae8dd7fbd697,,metadata,,
prot-1931--ak--27,i-d302e7536d0c9403,,note,,
prot-1931--ak--27,i-a5387d16f09d83e8,,note,,
prot-1931--ak--27,i-f500cc2c0a8c8020,,note,,
prot-1931--ak--27,i-b3a9315271a7e921,,metadata,,
prot-1931--ak--27,i-5ae2780633b6ed14,,metadata,,
prot-1931--ak--27,i-2f37a7fbc056bbb2,,note,,
prot-1931--ak--27,i-20672f9ad0f0dc40,,metadata,,
prot-1931--ak--27,i-b32e7469e9a23d27,,metadata,,
prot-1931--ak--27,i-d5528b8347d35582,8f6bb79aaba3167f,speech_start,ivar_anderson_887d5a,
prot-1931--ak--27,i-d5528b8347d35582,560e61985149f31c,speech_start,ivar_anderson_887d5a,
prot-1931--ak--27,i-163dc24898f141ea,,metadata,,
prot-1931--ak--27,i-6678605564868195,8f6bb79aaba3167f,speech_start,oscar_jonsson_23d6a2,
prot-1931--ak--27,i-6678605564868195,560e61985149f31c,speech_start,oscar_jonsson_23d6a2,
prot-1931--ak--27,i-639c7b7d17180fda,,note,,
prot-1931--ak--27,i-8327d2f6e4675378,,metadata,,
prot-1931--ak--27,i-abd3c781885628f7,,metadata,,
prot-1931--ak--27,i-8a09ef5497b78e06,,metadata,,
prot-1931--ak--27,i-bac2631cc7cf556a,,metadata,,
prot-1931--ak--27,i-99b670223e02ae12,,metadata,,
prot-1931--ak--27,i-72d7852f35fbf71e,,metadata,,
prot-1931--ak--27,i-1f65e06b50ab9a19,,note,,
prot-1931--ak--27,i-4d8e9e71ff0738a5,,note,,
prot-1931--ak--27,i-b1c612dd5ed6ee8e,,note,,
prot-1931--ak--27,i-3b39bc2dc27c359a,,metadata,,
prot-1931--ak--27,i-7afa8aaa47ef2837,,metadata,,
prot-1931--ak--27,i-49c10f7c4e76ca34,,note,,
prot-1931--ak--27,i-95dc4d65d3a875d8,,metadata,,
prot-1931--ak--27,i-eee3c9a47fb45147,,note,,
prot-1931--ak--27,i-430bf3d54e7ac1f9,,metadata,,
prot-1931--ak--27,i-5c61d91699b31b60,,note,,
prot-1931--ak--27,i-ad4599afb12a471a,,note,,
prot-1931--ak--27,i-0282e0c2cf5e56e6,,note,,
prot-1931--ak--27,i-14d950f4848b0bdd,,note,,
prot-1931--ak--27,i-c66393f00c37790d,,note,,
prot-1931--ak--27,i-87e4d869a7dce233,,note,,
prot-1931--ak--27,i-e5846a10be2d1a2c,,metadata,,
prot-1931--ak--27,i-979484d9b4bc7068,,note,,
prot-1931--ak--27,i-3fd03a9bdea9cca5,,note,,
prot-1931--ak--27,i-7a331fb5c9c613a4,,note,,
prot-1931--ak--27,i-5185091b76f141fe,,note,,
prot-1931--ak--27,i-d9cf5095617af5af,,metadata,,
prot-1931--ak--27,i-bf95978dd5e00327,,note,,
prot-1931--ak--27,i-25a018a7f901fa62,,metadata,,
prot-1931--ak--27,i-3381626c9dded344,,note,,
prot-1931--ak--27,i-3e60d894c875b1ee,,note,,
prot-1931--ak--27,i-4e56fe10e497d926,8f6bb79aaba3167f,speech_start,,
prot-1931--ak--27,i-e95a0318fc68b176,,note,,
prot-1931--ak--27,i-f4605eeb719227e2,8f6bb79aaba3167f,speech_start,robert_jansson_9e93f7,
prot-1931--ak--27,i-f4605eeb719227e2,560e61985149f31c,speech_start,robert_jansson_9e93f7,
prot-1931--ak--27,i-9cfa070073c965e6,,metadata,,
prot-1931--ak--27,i-1778a854200c64ee,,note,,
prot-1931--ak--27,i-0ab3b738f8a6ca2b,,note,,
prot-1931--ak--27,i-d05a4f0960c326d1,,metadata,,
prot-1931--ak--27,i-27ff8cd2b4a488cc,,note,,
prot-1931--ak--27,i-5709e0b9a1990b83,,note,,
prot-1931--ak--27,i-0912aebec7d52e2c,,metadata,,
prot-1931--ak--27,i-95bce127105ff92e,8f6bb79aaba3167f,speech_start,nils_mansson_7fa152,
prot-1931--ak--27,i-95bce127105ff92e,560e61985149f31c,speech_start,nils_mansson_7fa152,
prot-1931--ak--27,i-db8ac7907fc91c59,,metadata,,
prot-1931--ak--27,i-0863c77ba6a76e4b,,note,,
prot-1931--ak--27,i-3fd77e3185b58db8,,note,,
prot-1931--ak--27,i-fda44dd7864db24b,,note,,
prot-1931--ak--27,i-7277b33f7dc2e90f,,note,,
prot-1931--ak--27,i-d20b613a5decad6c,,note,,
prot-1931--ak--27,i-92da08ecec8cc36b,,note,,
prot-1931--ak--27,i-93bfe468c0ef76ba,,metadata,,
prot-1931--ak--27,i-69066a09dffcca21,,note,,
prot-1931--ak--27,i-e79d208f564e8c7a,8f6bb79aaba3167f,speech_start,per_edvin_skold_cf8ae4,
prot-1931--ak--27,i-e79d208f564e8c7a,560e61985149f31c,speech_start,per_edvin_skold_cf8ae4,
prot-1931--ak--27,i-556568d50c041acd,,metadata,,
prot-1931--ak--27,i-3f30d4b38501ffa5,,note,,
prot-1931--ak--27,i-55715255aa87df48,,note,,
prot-1931--ak--27,i-07acf5c0e496f239,8f6bb79aaba3167f,speech_start,robert_jansson_9e93f7,
prot-1931--ak--27,i-07acf5c0e496f239,560e61985149f31c,speech_start,robert_jansson_9e93f7,
prot-1931--ak--27,i-f610e87515b3b41c,,metadata,,
prot-1931--ak--27,i-663c55f8082eb8ba,,note,,
prot-1931--ak--27,i-991118189925e8de,,note,,
prot-1931--ak--27,i-2a4396c422be4d2c,,metadata,,
prot-1931--ak--27,i-faeadae1d366be21,,note,,
prot-1931--ak--27,i-54ff91ef67fbb041,,note,,
prot-1931--ak--27,i-5ab02172aef861dc,,metadata,,
prot-1931--ak--27,i-6627fd1a6faf53df,8f6bb79aaba3167f,speech_start,viktor_larsson_fe9e37,
prot-1931--ak--27,i-2e4f7bc2b05e8a32,8f6bb79aaba3167f,speech_start,gerhard_strindlund_c59dd9,
prot-1931--ak--27,i-2e4f7bc2b05e8a32,560e61985149f31c,speech_start,gerhard_strindlund_c59dd9,
prot-1931--ak--27,i-4ce18ca470d28535,,metadata,,
prot-1931--ak--27,i-bfb71105f700a712,8f6bb79aaba3167f,speech_start,per_edvin_skold_cf8ae4,
prot-1931--ak--27,i-bfb71105f700a712,560e61985149f31c,speech_start,per_edvin_skold_cf8ae4,
prot-1931--ak--27,i-0a46589728553f79,,note,,
prot-1931--ak--27,i-7bb34a74d370d1a6,,note,,
prot-1931--ak--27,i-faaa0ed51cd8ba96,,note,,
prot-1931--ak--27,i-e0abd5a0a7399495,,metadata,,
prot-1931--ak--27,i-beaf044511443129,,note,,
prot-1931--ak--27,i-c638566dd0cb59f8,,metadata,,
prot-1931--ak--27,i-5fc330a3aeed5bfc,,note,,
prot-1931--ak--27,i-e9e73f934a63510c,,note,,
prot-1931--ak--27,i-518631f902cff80d,8f6bb79aaba3167f,speech_start,olivia_nordgren_91e53e,
prot-1931--ak--27,i-518631f902cff80d,560e61985149f31c,speech_start,olivia_nordgren_91e53e,
prot-1931--ak--27,i-5340b58a00437b7c,,metadata,,
prot-1931--ak--27,i-a594d6829f9325cd,,note,,
prot-1931--ak--27,i-1fa16a1036f188ed,,note,,
prot-1931--ak--27,i-a57c75809fdf0beb,,metadata,,
prot-1931--ak--27,i-110e4364d82a5641,,metadata,,
prot-1931--ak--27,i-bc132c121016e607,,metadata,,
prot-1931--ak--27,i-746395a2fa7944e2,,metadata,,
prot-1931--ak--27,i-0b4cb81269e1be9f,,metadata,,
prot-1931--ak--27,i-f44b6726f7de590f,,metadata,,
prot-1931--ak--27,i-122f55d04033f7c6,,metadata,,
prot-1931--ak--27,i-272722067d859ab3,,metadata,,
prot-1931--ak--27,i-d4d5be4df4595118,,metadata,,
prot-1931--ak--27,i-f84013a6bfa325ff,,note,,
prot-1931--ak--27,i-da1134512cf3fd94,,note,,
prot-1931--ak--27,i-06883e4b4dc9baac,,note,,
prot-1931--ak--27,i-f9c64df70c37f8aa,8f6bb79aaba3167f,speech_start,sven_olsson_ec46c1,
prot-1931--ak--27,i-f9c64df70c37f8aa,560e61985149f31c,speech_start,sven_olsson_ec46c1,
prot-1931--ak--27,i-94e75ba9b309670c,,metadata,,
prot-1931--ak--27,i-f3678af24449a488,8f6bb79aaba3167f,speech_start,edvard_lithander_4193ba,
prot-1931--ak--27,i-f3678af24449a488,560e61985149f31c,speech_start,edvard_lithander_4193ba,
prot-1931--ak--27,i-c960aef0c096e544,8f6bb79aaba3167f,speech_start,sven_olsson_ec46c1,
prot-1931--ak--27,i-c960aef0c096e544,560e61985149f31c,speech_start,sven_olsson_ec46c1,
prot-1931--ak--27,i-df801dfab9824d97,,note,,
prot-1931--ak--27,i-3e1bc69ab790c5a9,,metadata,,
prot-1931--ak--27,i-e40b885a11fe8d07,,note,,
prot-1931--ak--27,i-fb2c31b15d86a81a,,metadata,,
prot-1931--ak--27,i-ea87829dbcf4d3d6,,note,,
prot-1931--ak--27,i-3d73c8fb93444285,,note,,
prot-1931--ak--27,i-3bfa01675fb4a04c,,note,,
prot-1931--ak--27,i-564109e43014a1fd,,note,,
prot-1931--ak--27,i-34586bc6369eac1a,,note,,
prot-1931--ak--27,i-dd6295d28add652e,,metadata,,
prot-1931--ak--27,i-8e94dd18e2dc2cda,,note,,
prot-1931--ak--27,i-ec00e6cceed937b1,,metadata,,
prot-1931--ak--27,i-a797a3854e549fa3,,note,,
prot-1931--ak--27,i-34e791ae6ec36f07,,metadata,,
prot-1931--ak--27,i-fe788525f79106c4,,note,,
prot-1931--ak--27,i-12ab9f6aaf52a94c,,metadata,,
prot-1931--ak--27,i-0bd663b85e3e10ab,,metadata,,
prot-1931--ak--27,i-c42946c9aecd46c6,,metadata,,
prot-1931--ak--27,i-ff2c34c3ab0a6d72,,note,,
prot-1931--ak--27,i-24e58c93da8f6ca2,,note,,
prot-1931--ak--27,i-d2b26da37f6862da,8f6bb79aaba3167f,speech_start,olof_andersson_0b1418,
prot-1931--ak--27,i-d2b26da37f6862da,560e61985149f31c,speech_start,olof_andersson_0b1418,
prot-1931--ak--27,i-0893a1343d2cf363,,metadata,,
prot-1931--ak--27,i-bdf85b9844021ef9,,note,,
prot-1931--ak--27,i-f03254260b6b0810,,note,,
prot-1931--ak--27,i-3564d0dc6ef69176,,metadata,,
prot-1931--ak--27,i-ea3ff3bf3fd32007,,note,,
prot-1931--ak--27,i-09f707c30f4cefbd,,metadata,,
prot-1931--ak--27,i-7f1c79a13bda8ee9,,metadata,,
prot-1931--ak--27,i-b60ed8a458b5c6a6,8f6bb79aaba3167f,speech_start,helge_backlund_769ecb,
prot-1931--ak--27,i-b60ed8a458b5c6a6,560e61985149f31c,speech_start,helge_backlund_769ecb,
prot-1931--ak--27,i-4f9fcf91fca2c632,,metadata,,
prot-1931--ak--27,i-e20a50de9cd1856c,,note,,
prot-1931--ak--27,i-85f12fc8df2780d5,560e61985149f31c,speech_start,nils_winkler_8d7cae,
prot-1931--ak--27,i-1fa5ffa7f5648fe5,,metadata,,
prot-1931--ak--27,i-5a68fd375a244e06,,note,,
prot-1931--ak--27,i-aefe9ef68e037d95,,metadata,,
prot-1931--ak--27,i-83b934d523f63af4,,note,,
prot-1931--ak--27,i-bcb7f551b471979f,,metadata,,
prot-1931--ak--27,i-7fae521883e6dff5,,note,,
prot-1931--ak--27,i-6a43f8d88ac73671,,note,,
prot-1931--ak--27,i-acc6b39f3b018d82,,note,,
prot-1931--ak--27,i-8fa7ba198c6ee2eb,,note,,
prot-1931--ak--27,i-e23b371f26eafc94,,note,,
prot-1931--ak--27,i-0ae8786fd0e762fc,,metadata,,
prot-1931--ak--27,i-7ec9eaf5d347c3e8,,note,,
prot-1931--ak--27,i-40f40e926a6a4098,,metadata,,
prot-1931--ak--27,i-16fc09dd3a6a6d89,,metadata,,
prot-1931--ak--27,i-7e1e9f12660702a7,8f6bb79aaba3167f,speech_start,nils_holmstrom_748680,
prot-1931--ak--27,i-0b53bb5e94d6b12d,,metadata,,
prot-1931--ak--27,i-d53d47dd08645f06,,note,,
prot-1931--ak--27,i-2c841ab59e64e476,,metadata,,
prot-1931--ak--27,i-8d2e9c28cba09dd1,,note,,
prot-1931--ak--27,i-c108d8d4c478c954,,metadata,,
prot-1931--ak--27,i-1a94c0d9b2bc7266,,note,,
prot-1931--ak--27,i-d0403bbc5f320359,,metadata,,
prot-1931--ak--27,i-3b6a4b44a7c77be0,,metadata,,
prot-1931--ak--27,i-f73297f4f0b59ced,,metadata,,
prot-1931--ak--27,i-f92b5656cbb41a03,8f6bb79aaba3167f,speech_start,nils_winkler_8d7cae,
prot-1931--ak--27,i-f92b5656cbb41a03,560e61985149f31c,speech_start,nils_winkler_8d7cae,
prot-1931--ak--27,i-f263e9a2ee5c312a,,metadata,,
prot-1931--ak--27,i-0e032d37ba815591,8f6bb79aaba3167f,speech_start,nils_holmstrom_748680,
prot-1931--ak--27,i-0e032d37ba815591,560e61985149f31c,speech_start,nils_holmstrom_748680,
prot-1931--ak--27,i-d18b377092f6dfcf,8f6bb79aaba3167f,speech_start,nils_winkler_8d7cae,
prot-1931--ak--27,i-d18b377092f6dfcf,560e61985149f31c,speech_start,nils_winkler_8d7cae,
prot-1931--ak--27,i-c7d104dcb08429f1,,note,,
prot-1931--ak--27,i-51081a32c1eaf933,,metadata,,
prot-1931--ak--27,i-2e072082fdc7b42e,,note,,
prot-1931--ak--27,i-6115c158a46029fc,8f6bb79aaba3167f,speech_start,viktor_herou_c29be7,
prot-1931--ak--27,i-6115c158a46029fc,560e61985149f31c,speech_start,viktor_herou_c29be7,
prot-1931--ak--27,i-c5c17d3df709a8d0,,note,,
prot-1931--ak--27,i-f556d4b7c4071a87,,metadata,,
prot-1931--ak--27,i-df64a48efe58bfb3,,metadata,,
prot-1931--ak--27,i-642e46feb47751c1,,metadata,,
prot-1931--ak--27,i-917c6b9a018e978f,,metadata,,
prot-1931--ak--27,i-49590fae5f150832,,metadata,,
prot-1931--ak--27,i-2e071796a614ddc9,,metadata,,
prot-1931--ak--27,i-0672271b2055a5c9,8f6bb79aaba3167f,speech_start,helge_backlund_769ecb,
prot-1931--ak--27,i-0672271b2055a5c9,560e61985149f31c,speech_start,helge_backlund_769ecb,
prot-1931--ak--27,i-00056225caff0b6d,,metadata,,
prot-1931--ak--27,i-8456d2d20c40713d,8f6bb79aaba3167f,speech_start,viktor_herou_c29be7,
prot-1931--ak--27,i-8456d2d20c40713d,560e61985149f31c,speech_start,viktor_herou_c29be7,
prot-1931--ak--27,i-88d0a5eda7555eaf,,metadata,,
prot-1931--ak--27,i-9bb34ee7712ccdac,,metadata,,
prot-1931--ak--27,i-5495b214bccb7361,,metadata,,
prot-1931--ak--27,i-4c7deb783862c792,,metadata,,
prot-1931--ak--27,i-3bdd4ec05a15a730,,metadata,,
prot-1931--ak--27,i-7b2976003fdbce63,,metadata,,
prot-1931--ak--27,i-7e5cdea070ccc865,,metadata,,
prot-1931--ak--27,i-f4560428198a9754,,note,,
prot-1931--ak--27,i-ac80c8c5a11ca6b7,,note,,
prot-1931--ak--27,i-6a097534794d1735,,metadata,,
prot-1931--ak--27,i-bfbacb8c22579f35,,note,,
prot-1931--ak--27,i-1cb5b09f6019f555,8f6bb79aaba3167f,speech_start,helge_backlund_769ecb,
prot-1931--ak--27,i-1cb5b09f6019f555,560e61985149f31c,speech_start,helge_backlund_769ecb,
prot-1931--ak--27,i-2ea6eccbc2b0eb10,,metadata,,
prot-1931--ak--27,i-236175a04f8d5fa7,,note,,
prot-1931--ak--27,i-a843b72e57fc2c46,,metadata,,
prot-1931--ak--27,i-385d940f45ba6a87,,note,,
prot-1931--ak--27,i-2a2bce0c9af67022,8f6bb79aaba3167f,speech_start,olof_andersson_0b1418,
prot-1931--ak--27,i-2a2bce0c9af67022,560e61985149f31c,speech_start,olof_andersson_0b1418,
prot-1931--ak--27,i-b8b439be7014ccd5,,metadata,,
prot-1931--ak--27,i-73ceef1f0c18b1e1,,metadata,,
prot-1931--ak--27,i-eb337e8d33e348f4,,metadata,,
prot-1931--ak--27,i-11aeb34ae33296db,,note,,
prot-1931--ak--27,i-6e7ba9636d510d94,,metadata,,
prot-1931--ak--27,i-612f396b6e74de4a,,note,,
prot-1931--ak--27,i-e0f5c7185421d5c3,,metadata,,
prot-1931--ak--27,i-044dd8b418884d55,,metadata,,
prot-1931--ak--27,i-d5006b4950841551,,metadata,,
prot-1931--ak--27,i-ec49bda3068c1d81,,metadata,,
prot-1931--ak--27,i-b9ed695e0a2cf6bc,560e61985149f31c,speech_start,helge_backlund_769ecb,
prot-1931--ak--27,i-ebf09cbed3783ef4,,metadata,,
prot-1931--ak--27,i-b3eb3a514c6a02b4,,note,,
prot-1931--ak--27,i-a908df20c76e3bb2,,metadata,,
prot-1931--ak--27,i-3653b774595477df,,note,,
prot-1931--ak--27,i-a9e1fa476e3f8a37,,metadata,,
prot-1931--ak--27,i-6ae04083c71bef00,,metadata,,
prot-1931--ak--27,i-d86d8b15eefb3c77,,metadata,,
prot-1931--ak--27,i-0df574260922bb70,,note,,
prot-1931--ak--27,i-c0a3249099330a37,,metadata,,
prot-1931--ak--27,i-943e65a761a8ca8d,,note,,
prot-1931--ak--27,i-4225f9500865fca3,560e61985149f31c,speech_start,olof_andersson_0b1418,
prot-1931--ak--27,i-2ea85a011ff0037b,,note,,
prot-1931--ak--27,i-a39c81b024afae31,,metadata,,
prot-1931--ak--27,i-447ebd954bee8746,,note,,
prot-1931--ak--27,i-b5a4920fabc8b26c,,metadata,,
prot-1931--ak--27,i-a20ca20a0fa16983,,metadata,,
prot-1931--ak--27,i-8471adcbe465ac9e,,metadata,,
prot-1931--ak--27,i-db949d42b32de1e4,8f6bb79aaba3167f,speech_start,olof_andersson_0b1418,
prot-1931--ak--27,i-db949d42b32de1e4,560e61985149f31c,speech_start,olof_andersson_0b1418,
prot-1931--ak--27,i-6d73713bb9fe3373,,metadata,,
prot-1931--ak--27,i-73bdebf67cfca25d,,note,,
prot-1931--ak--27,i-84a3023bf3284c0f,,note,,
prot-1931--ak--27,i-15c226c37126321f,,note,,
prot-1931--ak--27,i-e74549c6f2ce6825,,note,,
prot-1931--ak--27,i-ac0906c3ad116475,,note,,
prot-1931--ak--27,i-82f4f03e232a23d0,,note,,
prot-1931--ak--27,i-90bd10b0eb7157dc,8f6bb79aaba3167f,speech_start,helge_backlund_769ecb,
prot-1931--ak--27,i-90bd10b0eb7157dc,560e61985149f31c,speech_start,helge_backlund_769ecb,
prot-1931--ak--27,i-5bdddc7b830308da,,note,,
prot-1931--ak--27,i-818761d82999eecf,,note,,
prot-1931--ak--27,i-08795a6d47079494,,metadata,,
prot-1931--ak--27,i-304acfef0d86cc0c,,note,,
prot-1931--ak--27,i-5e3f4057b019afd4,,metadata,,
prot-1931--ak--27,i-0e661c0ff4be85fb,8f6bb79aaba3167f,speech_start,nils_winkler_8d7cae,
prot-1931--ak--27,i-0e661c0ff4be85fb,560e61985149f31c,speech_start,nils_winkler_8d7cae,
prot-1931--ak--27,i-e6cb83f4bd72cb5b,,metadata,,
prot-1931--ak--27,i-70a937377114aa01,,note,,
prot-1931--ak--27,i-f61d62b74c00d3d9,8f6bb79aaba3167f,speech_start,olof_andersson_0b1418,
prot-1931--ak--27,i-f61d62b74c00d3d9,560e61985149f31c,speech_start,olof_andersson_0b1418,
prot-1931--ak--27,i-315503c7e9f288ed,8f6bb79aaba3167f,speech_start,helge_backlund_769ecb,
prot-1931--ak--27,i-315503c7e9f288ed,560e61985149f31c,speech_start,helge_backlund_769ecb,
prot-1931--ak--27,i-4f800498b6eb080d,,metadata,,
prot-1931--ak--27,i-9f7b8951de82c324,,note,,
prot-1931--ak--27,i-be515442063ea5fd,,metadata,,
prot-1931--ak--27,i-5d11cb5cb41a7f52,,metadata,,
prot-1931--ak--27,i-c4108eb22469b6b0,,note,,
prot-1931--ak--27,i-2e7d6629bee68be1,,metadata,,
prot-1931--ak--27,i-fe82072841ba985b,,note,,
prot-1931--ak--27,i-b985673b169f46ee,,metadata,,
prot-1931--ak--27,i-f80b09729edf4b09,,note,,
prot-1931--ak--27,i-d83b515eeab11e5d,,note,,
prot-1931--ak--27,i-da62f66375c87261,560e61985149f31c,speech_start,karl_kilbom_4ed37e,
prot-1931--ak--27,i-521a5a5e0d16fdf2,8f6bb79aaba3167f,speech_start,nils_winkler_8d7cae,
prot-1931--ak--27,i-521a5a5e0d16fdf2,560e61985149f31c,speech_start,nils_winkler_8d7cae,
prot-1931--ak--27,i-810c7e8f8726b291,8f6bb79aaba3167f,speech_start,helge_backlund_769ecb,
prot-1931--ak--27,i-810c7e8f8726b291,560e61985149f31c,speech_start,helge_backlund_769ecb,
prot-1931--ak--27,i-3bee407b6c03f972,,metadata,,
prot-1931--ak--27,i-bc4ff4131171a936,560e61985149f31c,speech_start,karl_kilbom_4ed37e,
prot-1931--ak--27,i-dadca5b828da0a72,,metadata,,
prot-1931--ak--27,i-787b0b1f0e7253b9,,metadata,,
prot-1931--ak--27,i-5235f6c5e57f1a35,,note,,
prot-1931--ak--27,i-469e9b870051e6fd,,metadata,,
prot-1931--ak--27,i-0c32c5d9969e9489,,metadata,,
prot-1931--ak--27,i-8f8f46f6c4f0d3b6,8f6bb79aaba3167f,speech_start,nils_winkler_8d7cae,
prot-1931--ak--27,i-8f8f46f6c4f0d3b6,560e61985149f31c,speech_start,nils_winkler_8d7cae,
prot-1931--ak--27,i-768a267a7a1942d3,,note,,
prot-1931--ak--27,i-eca5756f04f2d744,,metadata,,
prot-1931--ak--27,i-7cf5c84408290c11,,note,,
prot-1931--ak--27,i-5672bc85127c9c2c,,note,,
prot-1931--ak--27,i-ac947b2a0c1d80fa,,metadata,,
prot-1931--ak--27,i-47e34fd36694342f,,note,,
prot-1931--ak--27,i-697490cecdf942e4,,note,,
prot-1931--ak--27,i-62a996755a8e8f07,8f6bb79aaba3167f,speech_start,august_spangberg_5027fd,
prot-1931--ak--27,i-62a996755a8e8f07,560e61985149f31c,speech_start,august_spangberg_5027fd,
prot-1931--ak--27,i-5e0aa79d1413015c,,metadata,,
prot-1931--ak--27,i-4908ba89974bc997,,metadata,,
prot-1931--ak--27,i-afbbfb18729d7c13,,metadata,,
prot-1931--ak--27,i-27eecf57745d0505,,metadata,,
prot-1931--ak--27,i-dfae28fe6b666320,8f6bb79aaba3167f,speech_start,helge_backlund_769ecb,
prot-1931--ak--27,i-dfae28fe6b666320,560e61985149f31c,speech_start,helge_backlund_769ecb,
prot-1931--ak--27,i-0ff3fc49c2294301,8f6bb79aaba3167f,speech_start,karl_kilbom_4ed37e,
prot-1931--ak--27,i-0ff3fc49c2294301,560e61985149f31c,speech_start,karl_kilbom_4ed37e,
prot-1931--ak--27,i-9edad3bdc5d2af71,,note,,
prot-1931--ak--27,i-e517a556caa7bae8,,metadata,,
prot-1931--ak--27,i-b97d6faabe12dded,,metadata,,
prot-1931--ak--27,i-d20f8277126f091a,,note,,
prot-1931--ak--27,i-ac7416ef9625414b,,note,,
prot-1931--ak--27,i-b9c288c32e46d9e4,,note,,
prot-1931--ak--27,i-3cf31d1319e3ec89,,note,,
prot-1931--ak--27,i-079bd2078c09c0e5,8f6bb79aaba3167f,speech_start,viktor_herou_c29be7,
prot-1931--ak--27,i-079bd2078c09c0e5,560e61985149f31c,speech_start,viktor_herou_c29be7,
prot-1931--ak--27,i-6d7610d10b548104,,metadata,,
prot-1931--ak--27,i-c31eceefdddf612e,,note,,
prot-1931--ak--27,i-b2748987aa6f843a,,note,,
prot-1931--ak--27,i-8e0ebd1e4b2837f6,,metadata,,
prot-1931--ak--27,i-2b8af3d8c2fe604e,,metadata,,
prot-1931--ak--27,i-6056f3b46ba468fd,,metadata,,
prot-1931--ak--27,i-9bfc6edc1b49455a,,metadata,,
prot-1931--ak--27,i-fb0d44a4577b3b34,8f6bb79aaba3167f,speech_start,helge_backlund_769ecb,
prot-1931--ak--27,i-fb0d44a4577b3b34,560e61985149f31c,speech_start,helge_backlund_769ecb,
prot-1931--ak--27,i-edd09e9a215b139a,8f6bb79aaba3167f,speech_start,zeth_hoglund_baf363,
prot-1931--ak--27,i-edd09e9a215b139a,560e61985149f31c,speech_start,zeth_hoglund_baf363,
prot-1931--ak--27,i-815b56a1cf1d2ae7,,metadata,,
prot-1931--ak--27,i-25e551158a1cebda,,note,,
prot-1931--ak--27,i-85d36bc4c35aae20,,metadata,,
prot-1931--ak--27,i-3846c64e8743e65a,,metadata,,
prot-1931--ak--27,i-ab99e13f58d0c817,,note,,
prot-1931--ak--27,i-9f6714804cb5ff15,,metadata,,
prot-1931--ak--27,i-12d2b4c94ee7c3fc,,metadata,,
prot-1931--ak--27,i-da0a9ad4af477ecc,,metadata,,
prot-1931--ak--27,i-e550de47e0969b8b,8f6bb79aaba3167f,speech_start,nils_winkler_8d7cae,
prot-1931--ak--27,i-e550de47e0969b8b,560e61985149f31c,speech_start,nils_winkler_8d7cae,
prot-1931--ak--27,i-2342278b054a9b95,8f6bb79aaba3167f,speech_start,olof_andersson_0b1418,
prot-1931--ak--27,i-2342278b054a9b95,560e61985149f31c,speech_start,olof_andersson_0b1418,
prot-1931--ak--27,i-3f38a01d3e7c9e6e,,metadata,,
prot-1931--ak--27,i-49c01d0e058e5a84,8f6bb79aaba3167f,speech_start,viktor_herou_c29be7,
prot-1931--ak--27,i-49c01d0e058e5a84,560e61985149f31c,speech_start,viktor_herou_c29be7,
prot-1931--ak--27,i-3b6f29292858d991,,metadata,,
prot-1931--ak--27,i-f0c824d59583a1d1,,metadata,,
prot-1931--ak--27,i-3293c42fbe0e9fe3,,metadata,,
prot-1931--ak--27,i-5a841ccdeb74f58e,,metadata,,
prot-1931--ak--27,i-8abe5f2000142461,,metadata,,
prot-1931--ak--27,i-8f2837eca5b82acd,,metadata,,
prot-1931--ak--27,i-1600345a8451db53,,metadata,,
prot-1931--ak--27,i-e3f9f783335b1845,,metadata,,
prot-1931--ak--27,i-7e156ddfb48b2352,,note,,
prot-1931--ak--27,i-7cfedd7e7bfe8fc4,,note,,
prot-1931--ak--27,i-30762c02e78cd2f5,,metadata,,
prot-1931--ak--27,i-809ca6c6dc946fbe,,note,,
prot-1931--ak--27,i-f2c68f4a8a943107,,metadata,,
prot-1931--ak--27,i-c0e04fc23302deca,,note,,
prot-1931--ak--27,i-033f36540c4c9a4d,,note,,
prot-1931--ak--27,i-2ee36c90cb8b99bb,,metadata,,
prot-1931--ak--27,i-3d3c816db4d9c028,,note,,
prot-1931--ak--27,i-d808cc8110ad0495,,metadata,,
prot-1931--ak--27,i-b979dcd78cebd799,,note,,
prot-1931--ak--27,i-1a04cffdede8b98b,,note,,
prot-1931--ak--27,i-b24f8748a30bc740,,metadata,,
prot-1931--ak--27,i-17affd7d729b6522,,note,,
prot-1931--ak--27,i-4f7dad2219287a18,,note,,
prot-1931--ak--27,i-e9316e6cacdf8b72,8f6bb79aaba3167f,speech_start,olof_andersson_0b1418,
prot-1931--ak--27,i-e9316e6cacdf8b72,560e61985149f31c,speech_start,olof_andersson_0b1418,
prot-1931--ak--27,i-ccbb5e421d68e6c8,,metadata,,
prot-1931--ak--27,i-da04a6126b27d7ff,,metadata,,
prot-1931--ak--27,i-a36b990cb4e76a3d,,metadata,,
prot-1931--ak--27,i-2e306807883534b6,,metadata,,
prot-1931--ak--27,i-de509731bf980edf,,note,,
prot-1931--ak--27,i-bebaf72a2045e153,,note,,
prot-1931--ak--27,i-b81a7f31d555f65a,8f6bb79aaba3167f,speech_start,nils_winkler_8d7cae,
prot-1931--ak--27,i-b81a7f31d555f65a,560e61985149f31c,speech_start,nils_winkler_8d7cae,
prot-1931--ak--27,i-638cc3a780d26819,8f6bb79aaba3167f,speech_start,olof_andersson_0b1418,
prot-1931--ak--27,i-638cc3a780d26819,560e61985149f31c,speech_start,olof_andersson_0b1418,
prot-1931--ak--27,i-4c0d37c4b1b79eef,,metadata,,
prot-1931--ak--27,i-2a8f1a37ec4e6939,8f6bb79aaba3167f,speech_start,helge_backlund_769ecb,
prot-1931--ak--27,i-2a8f1a37ec4e6939,560e61985149f31c,speech_start,helge_backlund_769ecb,
prot-1931--ak--27,i-a3dba9327cde1685,,metadata,,
prot-1931--ak--27,i-889263078d990e76,,metadata,,
prot-1931--ak--27,i-5380af7823d65c8d,,metadata,,
prot-1931--ak--27,i-9e3fc4b1dbaeae73,,metadata,,
prot-1931--ak--27,i-b417d0e92b3daf70,8f6bb79aaba3167f,speech_start,nils_winkler_8d7cae,
prot-1931--ak--27,i-b417d0e92b3daf70,560e61985149f31c,speech_start,nils_winkler_8d7cae,
prot-1931--ak--27,i-cdcddb2d431b4240,,metadata,,
prot-1931--ak--27,i-f30020426ca11731,8f6bb79aaba3167f,speech_start,zeth_hoglund_baf363,
prot-1931--ak--27,i-f30020426ca11731,560e61985149f31c,speech_start,zeth_hoglund_baf363,
prot-1931--ak--27,i-469f8f9d72e42863,8f6bb79aaba3167f,speech_start,olof_andersson_0b1418,
prot-1931--ak--27,i-469f8f9d72e42863,560e61985149f31c,speech_start,olof_andersson_0b1418,
prot-1931--ak--27,i-a87f4e7f45801fdd,,metadata,,
prot-1931--ak--27,i-e862293e29ea790d,,note,,
prot-1931--ak--27,i-d750fb476db795d4,,note,,
prot-1931--ak--27,i-38e289a2b8e56c36,,note,,
prot-1931--ak--27,i-81278005846152f4,,metadata,,
prot-1931--ak--27,i-8024b732009b6990,,note,,
prot-1931--ak--27,i-e18937b851d5595a,,metadata,,
prot-1931--ak--27,i-5c0788db60d5f136,,note,,
prot-1931--ak--27,i-602d887c3e082eaf,,note,,
prot-1931--ak--27,i-20a68b0a45fc2ccf,,metadata,,
prot-1931--ak--27,i-bd646f311f52fc86,8f6bb79aaba3167f,speech_start,oscar_lovgren_eea24f,
prot-1931--ak--27,i-92a7700efcce4fea,,metadata,,
prot-1931--ak--27,i-ea20ceff7184e4b8,8f6bb79aaba3167f,speech_start,nils_winkler_8d7cae,
prot-1931--ak--27,i-ea20ceff7184e4b8,560e61985149f31c,speech_start,nils_winkler_8d7cae,
prot-1931--ak--27,i-7907dff1b739a7fa,,note,,
prot-1931--ak--27,i-0ceb6367fdf0baff,,metadata,,
prot-1931--ak--27,i-2ace1af8012abcf1,560e61985149f31c,speech_start,felix_hamrin_551779,
prot-1931--ak--27,i-436a0ef6dedd2f00,,note,,
prot-1931--ak--27,i-647f087d18ff807d,,note,,
prot-1931--ak--27,i-38b49d4122fc8428,,note,,
prot-1931--ak--27,i-d0869fb9fb55b52e,,note,,
prot-1931--ak--27,i-bc91dd8c0adcb6eb,,note,,
prot-1931--ak--27,i-e2d4e7a0a3334219,,note,,
prot-1931--ak--27,i-f7a8a4b75cbc7d7e,,note,,
prot-1931--ak--27,i-8f79c5cf34978057,,note,,
prot-1931--ak--27,i-1f17a0c0d0cbba54,,note,,
prot-1931--ak--27,i-86178878db199332,,note,,
prot-1931--ak--27,i-648a0aa80b728b99,,note,,
prot-1931--ak--27,i-633e2e04499af9fb,,note,,
prot-1931--ak--27,i-aa857fc4012443c5,,note,,
prot-1931--ak--27,i-07ef1672c9025c1d,,note,,
prot-1931--ak--27,i-032812dc0dafffd0,,note,,
prot-1931--ak--27,i-f8b178a2376eb47c,,note,,
prot-1931--ak--27,i-4e8e02e41ab94f3c,,note,,
prot-1931--ak--27,i-24df4d1d6dc1dcfa,,note,,
prot-1931--ak--27,i-f30991c6f22c4572,,metadata,,
prot-1931--ak--27,i-9bb17550d92a7050,,metadata,,
prot-1931--ak--27,i-038e49f62294ca55,,note,,
prot-1931--ak--27,i-f64ccb442bfd2d04,,metadata,,
prot-1931--ak--27,i-0af03c73f51225bb,,metadata,,
prot-1931--ak--27,i-a76f4ee1524233db,,metadata,,
prot-1931--ak--27,i-e9ab819f327c77de,,note,,
prot-1931--ak--27,i-ff9ab0fbcc736f38,,note,,
prot-1931--ak--27,i-5560a36bd944b06d,,note,,
prot-1931--ak--27,i-af98975bf7ecbb9a,,note,,
prot-1931--ak--27,i-d55d7aed4bacc321,,note,,
prot-1931--ak--27,i-1c31e60faad36b87,,note,,
prot-1931--ak--27,i-3e2aadfd2bbe8c61,,note,,
prot-1931--ak--27,i-c1383502bd77145e,,note,,
prot-1931--ak--27,i-5b4c981cf8bd2a45,,note,,
prot-1931--ak--27,i-fdaf4a72621cd151,,note,,
prot-1931--ak--27,i-9f52bf13ba983670,,note,,
prot-1931--ak--27,i-ee2ef6f328900ccb,,note,,
prot-1931--ak--27,i-5689c75d2bc75242,,note,,
prot-1931--ak--27,i-838e57a2d35c66fd,,note,,
prot-1931--ak--27,i-48602fde16e294e6,,metadata,,
prot-1931--ak--27,i-8e0a8cf2c7547863,,metadata,,
prot-1931--ak--27,i-e361b1f6ef00e80c,,metadata,,
prot-1931--ak--27,i-178913718e7e7157,,metadata,,
prot-1931--ak--27,i-0a2caaa070559669,,metadata,,
prot-1931--ak--27,i-f3a0fad1de6fb093,,note,,
prot-1931--ak--27,i-b238ecd00fd96bc5,,metadata,,
prot-1931--ak--27,i-9c223ab081ccdfcf,,note,,
prot-1931--ak--27,i-cb0d55d3c0064c28,,metadata,,
prot-1931--ak--27,i-65836e8c7803fffe,,note,,
prot-1931--ak--27,i-97142e3b9d41011a,8f6bb79aaba3167f,speech_start,sven_bengtsson_ebaa29,
prot-1931--ak--27,i-97142e3b9d41011a,560e61985149f31c,speech_start,sven_bengtsson_ebaa29,
prot-1931--ak--27,i-a7939abfdc163f1b,,note,,
prot-1931--ak--27,i-404cd47cf25960ef,,note,,
prot-1931--ak--27,i-4d1be5bdda59836b,,metadata,,
prot-1931--ak--27,i-c1564330a154b7f8,,metadata,,
prot-1931--ak--27,i-024d4f43b751e43d,,metadata,,
prot-1931--ak--27,i-ed7781a1823397b5,,note,,
prot-1931--ak--27,i-aefd79825ebec4ec,,note,,
prot-1931--ak--27,i-3f5bafc09031864d,,note,,
prot-1931--ak--27,i-d6bbff5e5b124cdf,,metadata,,
prot-1931--ak--27,i-24a97af9e3c9ede4,,note,,
prot-1931--ak--27,i-aad90613f25d95dd,,note,,
prot-1931--ak--27,i-558aeba92e312153,,note,,
prot-1931--ak--27,i-08a27134dcab8c7c,,metadata,,
prot-1931--ak--27,i-899e9d88089f7d18,,note,,
prot-1931--ak--27,i-22854fc6e7f7d47e,,metadata,,
prot-1931--ak--27,i-405dfd5a9e824316,,metadata,,
prot-1931--ak--27,i-8a76c0591e162a1f,,note,,
prot-1931--ak--27,i-9b9aa67d3d034962,,note,,
prot-1931--ak--27,i-1b6aa14e0058ae62,,note,,
prot-1931--ak--27,i-de7b0b76a7fdafbe,,note,,
prot-1931--ak--27,i-93a932b587c0c591,,note,,
prot-1931--ak--27,i-2b5f9a37d9534a96,,metadata,,
prot-1931--ak--27,i-6282934731cb970f,,note,,
prot-1931--ak--27,i-4535bd40bb0172f2,,metadata,,
prot-1931--ak--27,i-af29d5ea4b390c61,,metadata,,
prot-1931--ak--27,i-caded163e7f720d5,,metadata,,
